%Initialization
M1 = 500;
M2 = 5;
K1 = 0.6;
K2 = 100;
b = 150;